75 2775
0 1 94
0 2 17
0 3 52
0 4 77
0 5 36
0 6 26
0 7 81
0 8 94
0 9 99
0 10 85
0 11 77
0 12 49
0 13 95
0 14 60
0 15 30
0 16 79
0 17 95
0 18 43
0 19 94
0 20 92
0 21 46
0 22 32
0 23 2
0 24 72
0 25 92
0 26 87
0 27 67
0 28 5
0 29 55
0 30 41
0 31 34
0 32 29
0 33 38
0 34 24
0 35 87
0 36 6
0 37 79
0 38 50
0 39 4
0 40 12
0 41 60
0 42 65
0 43 81
0 44 22
0 45 95
0 46 74
0 47 55
0 48 62
0 49 48
0 50 43
0 51 83
0 52 82
0 53 67
0 54 77
0 55 46
0 56 17
0 57 67
0 58 39
0 59 98
0 60 51
0 61 16
0 62 74
0 63 76
0 64 67
0 65 63
0 66 14
0 67 49
0 68 59
0 69 43
0 70 94
0 71 10
0 72 36
0 73 48
0 74 47
1 2 29
1 3 38
1 4 87
1 5 6
1 6 30
1 7 58
1 8 84
1 9 95
1 10 78
1 11 34
1 12 39
1 13 13
1 14 82
1 15 22
1 16 70
1 17 5
1 18 75
1 19 29
1 20 39
1 21 73
1 22 65
1 23 57
1 24 35
1 25 81
1 26 86
1 27 32
1 28 94
1 29 39
1 30 81
1 31 14
1 32 16
1 33 10
1 34 55
1 35 65
1 36 33
1 37 86
1 38 75
1 39 64
1 40 15
1 41 80
1 42 73
1 43 77
1 44 20
1 45 82
1 46 70
1 47 84
1 48 87
1 49 82
1 50 84
1 51 8
1 52 61
1 53 67
1 54 45
1 55 39
1 56 24
1 57 53
1 58 15
1 59 14
1 60 19
1 61 68
1 62 50
1 63 24
1 64 94
1 65 89
1 66 33
1 67 71
1 68 91
1 69 82
1 70 83
1 71 13
1 72 25
1 73 32
1 74 75
2 3 4
2 4 33
2 5 81
2 6 12
2 7 40
2 8 57
2 9 2
2 10 55
2 11 15
2 12 97
2 13 25
2 14 26
2 15 42
2 16 65
2 17 40
2 18 100
2 19 17
2 20 34
2 21 48
2 22 96
2 23 30
2 24 45
2 25 56
2 26 67
2 27 48
2 28 70
2 29 14
2 30 49
2 31 83
2 32 79
2 33 30
2 34 33
2 35 84
2 36 98
2 37 28
2 38 51
2 39 41
2 40 97
2 41 40
2 42 36
2 43 59
2 44 30
2 45 69
2 46 38
2 47 7
2 48 70
2 49 18
2 50 4
2 51 29
2 52 11
2 53 59
2 54 24
2 55 79
2 56 14
2 57 40
2 58 9
2 59 34
2 60 62
2 61 27
2 62 26
2 63 66
2 64 40
2 65 25
2 66 90
2 67 79
2 68 26
2 69 38
2 70 53
2 71 74
2 72 39
2 73 77
2 74 3
3 4 34
3 5 33
3 6 47
3 7 15
3 8 2
3 9 78
3 10 67
3 11 45
3 12 42
3 13 73
3 14 42
3 15 97
3 16 38
3 17 13
3 18 78
3 19 88
3 20 73
3 21 14
3 22 88
3 23 89
3 24 27
3 25 48
3 26 95
3 27 80
3 28 61
3 29 55
3 30 68
3 31 13
3 32 68
3 33 97
3 34 3
3 35 18
3 36 77
3 37 64
3 38 73
3 39 63
3 40 63
3 41 95
3 42 73
3 43 26
3 44 59
3 45 23
3 46 92
3 47 58
3 48 42
3 49 57
3 50 98
3 51 11
3 52 10
3 53 54
3 54 63
3 55 63
3 56 84
3 57 65
3 58 47
3 59 81
3 60 62
3 61 97
3 62 28
3 63 80
3 64 46
3 65 65
3 66 64
3 67 70
3 68 28
3 69 13
3 70 21
3 71 76
3 72 62
3 73 82
3 74 35
4 5 62
4 6 35
4 7 18
4 8 45
4 9 92
4 10 41
4 11 97
4 12 82
4 13 21
4 14 69
4 15 61
4 16 81
4 17 40
4 18 9
4 19 85
4 20 44
4 21 57
4 22 92
4 23 28
4 24 43
4 25 43
4 26 48
4 27 98
4 28 32
4 29 58
4 30 14
4 31 75
4 32 34
4 33 35
4 34 69
4 35 44
4 36 27
4 37 45
4 38 31
4 39 83
4 40 65
4 41 15
4 42 49
4 43 73
4 44 93
4 45 57
4 46 54
4 47 96
4 48 3
4 49 7
4 50 2
4 51 28
4 52 99
4 53 48
4 54 51
4 55 25
4 56 95
4 57 40
4 58 28
4 59 44
4 60 20
4 61 94
4 62 55
4 63 6
4 64 79
4 65 87
4 66 68
4 67 17
4 68 48
4 69 94
4 70 52
4 71 1
4 72 19
4 73 45
4 74 8
5 6 78
5 7 87
5 8 33
5 9 87
5 10 56
5 11 68
5 12 8
5 13 90
5 14 97
5 15 7
5 16 71
5 17 67
5 18 38
5 19 18
5 20 67
5 21 20
5 22 6
5 23 76
5 24 90
5 25 25
5 26 14
5 27 78
5 28 78
5 29 97
5 30 41
5 31 52
5 32 39
5 33 84
5 34 76
5 35 65
5 36 84
5 37 58
5 38 98
5 39 31
5 40 1
5 41 97
5 42 23
5 43 75
5 44 91
5 45 46
5 46 63
5 47 55
5 48 66
5 49 61
5 50 67
5 51 17
5 52 21
5 53 10
5 54 66
5 55 30
5 56 37
5 57 11
5 58 55
5 59 23
5 60 66
5 61 16
5 62 49
5 63 6
5 64 73
5 65 94
5 66 54
5 67 68
5 68 56
5 69 15
5 70 55
5 71 21
5 72 29
5 73 74
5 74 74
6 7 66
6 8 99
6 9 64
6 10 75
6 11 8
6 12 75
6 13 20
6 14 66
6 15 53
6 16 73
6 17 29
6 18 24
6 19 10
6 20 9
6 21 34
6 22 58
6 23 33
6 24 10
6 25 40
6 26 77
6 27 24
6 28 34
6 29 83
6 30 8
6 31 80
6 32 87
6 33 33
6 34 12
6 35 27
6 36 1
6 37 70
6 38 98
6 39 87
6 40 18
6 41 40
6 42 92
6 43 77
6 44 57
6 45 77
6 46 66
6 47 22
6 48 72
6 49 25
6 50 47
6 51 64
6 52 55
6 53 92
6 54 29
6 55 3
6 56 95
6 57 91
6 58 23
6 59 5
6 60 59
6 61 68
6 62 72
6 63 40
6 64 98
6 65 20
6 66 16
6 67 32
6 68 19
6 69 7
6 70 56
6 71 7
6 72 96
6 73 16
6 74 79
7 8 73
7 9 98
7 10 1
7 11 34
7 12 11
7 13 100
7 14 92
7 15 74
7 16 1
7 17 61
7 18 14
7 19 11
7 20 33
7 21 79
7 22 86
7 23 26
7 24 34
7 25 74
7 26 48
7 27 96
7 28 3
7 29 83
7 30 47
7 31 40
7 32 75
7 33 83
7 34 30
7 35 34
7 36 75
7 37 52
7 38 74
7 39 75
7 40 44
7 41 50
7 42 82
7 43 5
7 44 16
7 45 49
7 46 14
7 47 97
7 48 74
7 49 43
7 50 49
7 51 67
7 52 95
7 53 41
7 54 86
7 55 28
7 56 23
7 57 83
7 58 29
7 59 61
7 60 78
7 61 66
7 62 13
7 63 27
7 64 13
7 65 9
7 66 38
7 67 48
7 68 52
7 69 34
7 70 17
7 71 56
7 72 38
7 73 38
7 74 94
8 9 11
8 10 27
8 11 18
8 12 8
8 13 42
8 14 54
8 15 93
8 16 38
8 17 27
8 18 78
8 19 4
8 20 31
8 21 38
8 22 100
8 23 11
8 24 3
8 25 29
8 26 54
8 27 27
8 28 79
8 29 10
8 30 58
8 31 49
8 32 71
8 33 53
8 34 7
8 35 24
8 36 66
8 37 91
8 38 79
8 39 64
8 40 8
8 41 90
8 42 62
8 43 10
8 44 6
8 45 42
8 46 14
8 47 77
8 48 73
8 49 18
8 50 81
8 51 39
8 52 64
8 53 42
8 54 43
8 55 97
8 56 95
8 57 91
8 58 1
8 59 26
8 60 93
8 61 30
8 62 25
8 63 51
8 64 62
8 65 92
8 66 2
8 67 32
8 68 14
8 69 57
8 70 14
8 71 61
8 72 1
8 73 88
8 74 35
9 10 18
9 11 74
9 12 1
9 13 33
9 14 81
9 15 48
9 16 7
9 17 51
9 18 75
9 19 87
9 20 76
9 21 91
9 22 51
9 23 100
9 24 71
9 25 39
9 26 20
9 27 40
9 28 81
9 29 65
9 30 75
9 31 80
9 32 66
9 33 78
9 34 52
9 35 55
9 36 19
9 37 93
9 38 42
9 39 23
9 40 71
9 41 22
9 42 33
9 43 15
9 44 13
9 45 44
9 46 74
9 47 76
9 48 33
9 49 72
9 50 55
9 51 20
9 52 48
9 53 72
9 54 28
9 55 93
9 56 59
9 57 26
9 58 43
9 59 79
9 60 52
9 61 38
9 62 13
9 63 76
9 64 46
9 65 82
9 66 18
9 67 75
9 68 42
9 69 63
9 70 87
9 71 43
9 72 38
9 73 94
9 74 79
10 11 89
10 12 41
10 13 33
10 14 80
10 15 14
10 16 81
10 17 26
10 18 12
10 19 88
10 20 15
10 21 17
10 22 63
10 23 77
10 24 25
10 25 43
10 26 46
10 27 59
10 28 33
10 29 43
10 30 9
10 31 88
10 32 46
10 33 52
10 34 100
10 35 51
10 36 45
10 37 81
10 38 75
10 39 39
10 40 23
10 41 3
10 42 88
10 43 24
10 44 64
10 45 98
10 46 84
10 47 24
10 48 81
10 49 99
10 50 8
10 51 100
10 52 54
10 53 71
10 54 68
10 55 64
10 56 7
10 57 7
10 58 82
10 59 18
10 60 26
10 61 64
10 62 5
10 63 40
10 64 6
10 65 93
10 66 87
10 67 44
10 68 47
10 69 19
10 70 94
10 71 9
10 72 46
10 73 21
10 74 19
11 12 18
11 13 86
11 14 18
11 15 31
11 16 87
11 17 24
11 18 66
11 19 37
11 20 35
11 21 95
11 22 23
11 23 14
11 24 99
11 25 53
11 26 38
11 27 95
11 28 89
11 29 67
11 30 5
11 31 31
11 32 47
11 33 86
11 34 57
11 35 24
11 36 60
11 37 50
11 38 26
11 39 62
11 40 77
11 41 87
11 42 90
11 43 57
11 44 87
11 45 90
11 46 61
11 47 83
11 48 58
11 49 44
11 50 21
11 51 72
11 52 60
11 53 21
11 54 42
11 55 37
11 56 64
11 57 58
11 58 51
11 59 73
11 60 97
11 61 77
11 62 66
11 63 87
11 64 13
11 65 42
11 66 33
11 67 1
11 68 59
11 69 88
11 70 12
11 71 64
11 72 4
11 73 58
11 74 75
12 13 59
12 14 24
12 15 43
12 16 60
12 17 77
12 18 6
12 19 42
12 20 91
12 21 35
12 22 80
12 23 33
12 24 16
12 25 67
12 26 68
12 27 76
12 28 13
12 29 37
12 30 30
12 31 53
12 32 66
12 33 71
12 34 72
12 35 85
12 36 12
12 37 81
12 38 38
12 39 13
12 40 55
12 41 96
12 42 73
12 43 4
12 44 56
12 45 11
12 46 44
12 47 74
12 48 15
12 49 24
12 50 46
12 51 91
12 52 91
12 53 74
12 54 100
12 55 93
12 56 28
12 57 32
12 58 25
12 59 80
12 60 49
12 61 56
12 62 98
12 63 19
12 64 64
12 65 86
12 66 53
12 67 93
12 68 67
12 69 6
12 70 48
12 71 8
12 72 44
12 73 32
12 74 58
13 14 64
13 15 7
13 16 99
13 17 27
13 18 74
13 19 87
13 20 75
13 21 15
13 22 63
13 23 51
13 24 53
13 25 29
13 26 96
13 27 97
13 28 71
13 29 31
13 30 76
13 31 23
13 32 16
13 33 30
13 34 66
13 35 26
13 36 77
13 37 85
13 38 26
13 39 5
13 40 13
13 41 79
13 42 48
13 43 43
13 44 99
13 45 34
13 46 95
13 47 68
13 48 61
13 49 4
13 50 15
13 51 13
13 52 25
13 53 17
13 54 38
13 55 8
13 56 34
13 57 35
13 58 14
13 59 10
13 60 36
13 61 2
13 62 97
13 63 92
13 64 19
13 65 16
13 66 44
13 67 76
13 68 35
13 69 38
13 70 26
13 71 95
13 72 67
13 73 18
13 74 97
14 15 55
14 16 87
14 17 73
14 18 56
14 19 2
14 20 49
14 21 42
14 22 37
14 23 25
14 24 57
14 25 48
14 26 62
14 27 24
14 28 47
14 29 18
14 30 10
14 31 19
14 32 29
14 33 18
14 34 79
14 35 73
14 36 94
14 37 75
14 38 18
14 39 78
14 40 19
14 41 92
14 42 41
14 43 61
14 44 24
14 45 49
14 46 69
14 47 24
14 48 59
14 49 26
14 50 36
14 51 36
14 52 15
14 53 11
14 54 80
14 55 78
14 56 72
14 57 85
14 58 55
14 59 86
14 60 96
14 61 18
14 62 12
14 63 21
14 64 10
14 65 77
14 66 79
14 67 77
14 68 24
14 69 50
14 70 75
14 71 87
14 72 17
14 73 28
14 74 16
15 16 35
15 17 3
15 18 9
15 19 20
15 20 69
15 21 76
15 22 38
15 23 58
15 24 96
15 25 29
15 26 41
15 27 92
15 28 92
15 29 97
15 30 52
15 31 18
15 32 68
15 33 51
15 34 82
15 35 34
15 36 49
15 37 4
15 38 51
15 39 29
15 40 44
15 41 48
15 42 9
15 43 47
15 44 43
15 45 42
15 46 46
15 47 65
15 48 98
15 49 15
15 50 55
15 51 44
15 52 58
15 53 80
15 54 52
15 55 78
15 56 16
15 57 77
15 58 99
15 59 92
15 60 1
15 61 60
15 62 8
15 63 42
15 64 60
15 65 97
15 66 29
15 67 89
15 68 11
15 69 23
15 70 76
15 71 92
15 72 24
15 73 98
15 74 30
16 17 50
16 18 12
16 19 87
16 20 12
16 21 71
16 22 10
16 23 32
16 24 39
16 25 83
16 26 58
16 27 23
16 28 56
16 29 83
16 30 62
16 31 10
16 32 44
16 33 98
16 34 5
16 35 31
16 36 97
16 37 13
16 38 33
16 39 7
16 40 97
16 41 44
16 42 99
16 43 71
16 44 12
16 45 85
16 46 15
16 47 67
16 48 13
16 49 22
16 50 36
16 51 77
16 52 83
16 53 30
16 54 23
16 55 21
16 56 54
16 57 66
16 58 93
16 59 9
16 60 40
16 61 61
16 62 82
16 63 45
16 64 38
16 65 62
16 66 1
16 67 30
16 68 52
16 69 17
16 70 61
16 71 63
16 72 25
16 73 26
16 74 55
17 18 65
17 19 89
17 20 50
17 21 49
17 22 77
17 23 7
17 24 14
17 25 63
17 26 5
17 27 24
17 28 5
17 29 33
17 30 39
17 31 26
17 32 61
17 33 94
17 34 71
17 35 17
17 36 81
17 37 37
17 38 15
17 39 75
17 40 37
17 41 40
17 42 10
17 43 86
17 44 90
17 45 65
17 46 48
17 47 26
17 48 17
17 49 27
17 50 97
17 51 56
17 52 22
17 53 51
17 54 85
17 55 95
17 56 42
17 57 1
17 58 98
17 59 76
17 60 77
17 61 39
17 62 2
17 63 9
17 64 14
17 65 63
17 66 43
17 67 92
17 68 69
17 69 57
17 70 81
17 71 25
17 72 9
17 73 46
17 74 49
18 19 60
18 20 57
18 21 20
18 22 99
18 23 7
18 24 100
18 25 10
18 26 34
18 27 38
18 28 85
18 29 31
18 30 87
18 31 74
18 32 75
18 33 47
18 34 23
18 35 52
18 36 98
18 37 20
18 38 25
18 39 99
18 40 34
18 41 27
18 42 48
18 43 75
18 44 36
18 45 64
18 46 15
18 47 85
18 48 73
18 49 32
18 50 5
18 51 71
18 52 61
18 53 13
18 54 62
18 55 48
18 56 67
18 57 58
18 58 19
18 59 34
18 60 73
18 61 51
18 62 58
18 63 27
18 64 71
18 65 11
18 66 63
18 67 33
18 68 82
18 69 97
18 70 52
18 71 69
18 72 65
18 73 50
18 74 67
19 20 21
19 21 19
19 22 13
19 23 1
19 24 37
19 25 18
19 26 20
19 27 80
19 28 68
19 29 51
19 30 47
19 31 7
19 32 75
19 33 73
19 34 56
19 35 77
19 36 49
19 37 27
19 38 56
19 39 2
19 40 96
19 41 90
19 42 70
19 43 3
19 44 31
19 45 68
19 46 48
19 47 12
19 48 38
19 49 60
19 50 27
19 51 59
19 52 23
19 53 64
19 54 11
19 55 96
19 56 75
19 57 64
19 58 71
19 59 81
19 60 94
19 61 16
19 62 94
19 63 77
19 64 80
19 65 45
19 66 55
19 67 36
19 68 21
19 69 82
19 70 54
19 71 77
19 72 53
19 73 61
19 74 29
20 21 57
20 22 27
20 23 100
20 24 41
20 25 50
20 26 85
20 27 64
20 28 76
20 29 66
20 30 69
20 31 1
20 32 58
20 33 79
20 34 35
20 35 49
20 36 96
20 37 89
20 38 26
20 39 41
20 40 67
20 41 85
20 42 86
20 43 86
20 44 41
20 45 33
20 46 2
20 47 25
20 48 20
20 49 5
20 50 64
20 51 41
20 52 74
20 53 77
20 54 54
20 55 63
20 56 43
20 57 66
20 58 56
20 59 45
20 60 24
20 61 32
20 62 23
20 63 54
20 64 32
20 65 17
20 66 53
20 67 77
20 68 32
20 69 13
20 70 91
20 71 5
20 72 73
20 73 83
20 74 65
21 22 59
21 23 51
21 24 79
21 25 82
21 26 9
21 27 70
21 28 26
21 29 30
21 30 50
21 31 67
21 32 66
21 33 71
21 34 75
21 35 90
21 36 54
21 37 93
21 38 43
21 39 87
21 40 78
21 41 14
21 42 80
21 43 81
21 44 76
21 45 4
21 46 35
21 47 77
21 48 80
21 49 50
21 50 92
21 51 79
21 52 57
21 53 85
21 54 61
21 55 40
21 56 95
21 57 10
21 58 44
21 59 92
21 60 77
21 61 35
21 62 96
21 63 27
21 64 91
21 65 94
21 66 51
21 67 40
21 68 39
21 69 24
21 70 79
21 71 22
21 72 54
21 73 77
21 74 46
22 23 44
22 24 24
22 25 10
22 26 61
22 27 86
22 28 59
22 29 40
22 30 48
22 31 4
22 32 82
22 33 36
22 34 47
22 35 93
22 36 46
22 37 32
22 38 27
22 39 97
22 40 10
22 41 30
22 42 90
22 43 74
22 44 98
22 45 91
22 46 77
22 47 98
22 48 70
22 49 48
22 50 49
22 51 51
22 52 28
22 53 75
22 54 10
22 55 81
22 56 25
22 57 71
22 58 94
22 59 53
22 60 12
22 61 39
22 62 72
22 63 14
22 64 50
22 65 18
22 66 5
22 67 85
22 68 33
22 69 28
22 70 45
22 71 26
22 72 84
22 73 33
22 74 15
23 24 2
23 25 78
23 26 63
23 27 95
23 28 14
23 29 86
23 30 47
23 31 11
23 32 86
23 33 62
23 34 45
23 35 55
23 36 85
23 37 63
23 38 42
23 39 57
23 40 83
23 41 49
23 42 74
23 43 57
23 44 62
23 45 28
23 46 58
23 47 51
23 48 15
23 49 89
23 50 89
23 51 60
23 52 35
23 53 47
23 54 30
23 55 63
23 56 16
23 57 53
23 58 74
23 59 8
23 60 14
23 61 40
23 62 50
23 63 39
23 64 61
23 65 98
23 66 80
23 67 59
23 68 81
23 69 1
23 70 30
23 71 83
23 72 60
23 73 60
23 74 1
24 25 54
24 26 40
24 27 53
24 28 59
24 29 51
24 30 39
24 31 52
24 32 2
24 33 45
24 34 69
24 35 12
24 36 83
24 37 78
24 38 10
24 39 70
24 40 59
24 41 44
24 42 45
24 43 61
24 44 4
24 45 71
24 46 90
24 47 92
24 48 16
24 49 56
24 50 51
24 51 65
24 52 70
24 53 99
24 54 94
24 55 86
24 56 100
24 57 80
24 58 35
24 59 79
24 60 55
24 61 66
24 62 78
24 63 46
24 64 71
24 65 17
24 66 34
24 67 15
24 68 9
24 69 12
24 70 100
24 71 4
24 72 62
24 73 96
24 74 45
25 26 28
25 27 61
25 28 10
25 29 43
25 30 2
25 31 21
25 32 46
25 33 21
25 34 52
25 35 62
25 36 49
25 37 59
25 38 72
25 39 16
25 40 20
25 41 89
25 42 50
25 43 75
25 44 54
25 45 20
25 46 56
25 47 50
25 48 13
25 49 5
25 50 19
25 51 4
25 52 34
25 53 98
25 54 63
25 55 5
25 56 44
25 57 45
25 58 59
25 59 45
25 60 45
25 61 27
25 62 39
25 63 41
25 64 91
25 65 30
25 66 31
25 67 24
25 68 7
25 69 78
25 70 65
25 71 49
25 72 31
25 73 98
25 74 50
26 27 27
26 28 45
26 29 99
26 30 85
26 31 17
26 32 79
26 33 17
26 34 50
26 35 13
26 36 93
26 37 74
26 38 51
26 39 11
26 40 66
26 41 73
26 42 100
26 43 32
26 44 2
26 45 78
26 46 21
26 47 86
26 48 17
26 49 3
26 50 52
26 51 36
26 52 24
26 53 23
26 54 92
26 55 33
26 56 93
26 57 100
26 58 17
26 59 87
26 60 33
26 61 65
26 62 33
26 63 29
26 64 29
26 65 2
26 66 94
26 67 62
26 68 50
26 69 80
26 70 83
26 71 91
26 72 88
26 73 91
26 74 68
27 28 59
27 29 17
27 30 3
27 31 41
27 32 52
27 33 86
27 34 69
27 35 51
27 36 50
27 37 83
27 38 89
27 39 42
27 40 1
27 41 63
27 42 83
27 43 92
27 44 29
27 45 55
27 46 96
27 47 29
27 48 54
27 49 78
27 50 44
27 51 98
27 52 75
27 53 44
27 54 76
27 55 97
27 56 34
27 57 78
27 58 33
27 59 82
27 60 65
27 61 39
27 62 11
27 63 15
27 64 60
27 65 76
27 66 61
27 67 49
27 68 16
27 69 71
27 70 68
27 71 5
27 72 53
27 73 93
27 74 29
28 29 98
28 30 16
28 31 98
28 32 13
28 33 14
28 34 72
28 35 27
28 36 9
28 37 12
28 38 96
28 39 75
28 40 95
28 41 26
28 42 36
28 43 53
28 44 59
28 45 92
28 46 60
28 47 82
28 48 69
28 49 86
28 50 71
28 51 55
28 52 37
28 53 44
28 54 3
28 55 54
28 56 50
28 57 72
28 58 81
28 59 85
28 60 73
28 61 69
28 62 65
28 63 12
28 64 92
28 65 79
28 66 85
28 67 100
28 68 74
28 69 68
28 70 33
28 71 64
28 72 34
28 73 32
28 74 14
29 30 55
29 31 60
29 32 33
29 33 23
29 34 6
29 35 52
29 36 4
29 37 63
29 38 77
29 39 100
29 40 17
29 41 13
29 42 70
29 43 30
29 44 51
29 45 56
29 46 74
29 47 82
29 48 97
29 49 50
29 50 64
29 51 93
29 52 24
29 53 44
29 54 18
29 55 97
29 56 63
29 57 5
29 58 46
29 59 36
29 60 78
29 61 54
29 62 46
29 63 54
29 64 31
29 65 91
29 66 100
29 67 57
29 68 93
29 69 95
29 70 68
29 71 9
29 72 88
29 73 82
29 74 85
30 31 57
30 32 75
30 33 80
30 34 52
30 35 81
30 36 45
30 37 50
30 38 63
30 39 96
30 40 27
30 41 80
30 42 56
30 43 58
30 44 15
30 45 68
30 46 56
30 47 100
30 48 23
30 49 69
30 50 45
30 51 55
30 52 99
30 53 15
30 54 33
30 55 91
30 56 42
30 57 34
30 58 37
30 59 25
30 60 91
30 61 21
30 62 45
30 63 53
30 64 62
30 65 28
30 66 81
30 67 31
30 68 49
30 69 76
30 70 80
30 71 29
30 72 11
30 73 4
30 74 69
31 32 47
31 33 2
31 34 72
31 35 28
31 36 11
31 37 38
31 38 55
31 39 24
31 40 23
31 41 72
31 42 62
31 43 57
31 44 70
31 45 35
31 46 23
31 47 25
31 48 64
31 49 29
31 50 94
31 51 35
31 52 79
31 53 62
31 54 50
31 55 48
31 56 45
31 57 56
31 58 100
31 59 27
31 60 25
31 61 59
31 62 99
31 63 73
31 64 24
31 65 65
31 66 26
31 67 31
31 68 24
31 69 4
31 70 15
31 71 57
31 72 22
31 73 67
31 74 4
32 33 76
32 34 38
32 35 77
32 36 69
32 37 15
32 38 41
32 39 60
32 40 26
32 41 2
32 42 42
32 43 1
32 44 40
32 45 51
32 46 90
32 47 78
32 48 58
32 49 80
32 50 74
32 51 83
32 52 29
32 53 12
32 54 64
32 55 77
32 56 87
32 57 77
32 58 34
32 59 84
32 60 10
32 61 99
32 62 53
32 63 88
32 64 74
32 65 6
32 66 91
32 67 22
32 68 53
32 69 64
32 70 88
32 71 1
32 72 85
32 73 31
32 74 39
33 34 39
33 35 12
33 36 61
33 37 59
33 38 38
33 39 25
33 40 39
33 41 64
33 42 96
33 43 99
33 44 29
33 45 37
33 46 58
33 47 45
33 48 23
33 49 57
33 50 7
33 51 73
33 52 20
33 53 90
33 54 87
33 55 83
33 56 9
33 57 32
33 58 44
33 59 33
33 60 59
33 61 26
33 62 14
33 63 23
33 64 32
33 65 25
33 66 64
33 67 45
33 68 16
33 69 48
33 70 76
33 71 92
33 72 72
33 73 81
33 74 3
34 35 95
34 36 26
34 37 88
34 38 14
34 39 94
34 40 3
34 41 45
34 42 62
34 43 26
34 44 87
34 45 95
34 46 96
34 47 46
34 48 79
34 49 66
34 50 78
34 51 69
34 52 53
34 53 61
34 54 50
34 55 47
34 56 97
34 57 80
34 58 10
34 59 70
34 60 26
34 61 88
34 62 25
34 63 68
34 64 31
34 65 58
34 66 20
34 67 6
34 68 64
34 69 45
34 70 72
34 71 52
34 72 81
34 73 25
34 74 73
35 36 87
35 37 100
35 38 5
35 39 67
35 40 9
35 41 93
35 42 95
35 43 94
35 44 29
35 45 95
35 46 28
35 47 8
35 48 67
35 49 50
35 50 15
35 51 98
35 52 29
35 53 93
35 54 82
35 55 75
35 56 64
35 57 47
35 58 30
35 59 88
35 60 86
35 61 37
35 62 38
35 63 19
35 64 51
35 65 62
35 66 82
35 67 14
35 68 66
35 69 90
35 70 46
35 71 35
35 72 65
35 73 20
35 74 34
36 37 35
36 38 9
36 39 80
36 40 3
36 41 41
36 42 62
36 43 60
36 44 60
36 45 4
36 46 40
36 47 39
36 48 40
36 49 10
36 50 15
36 51 50
36 52 50
36 53 87
36 54 14
36 55 46
36 56 84
36 57 100
36 58 14
36 59 13
36 60 69
36 61 58
36 62 29
36 63 69
36 64 21
36 65 83
36 66 86
36 67 53
36 68 91
36 69 40
36 70 43
36 71 47
36 72 43
36 73 72
36 74 70
37 38 36
37 39 15
37 40 5
37 41 18
37 42 60
37 43 34
37 44 32
37 45 81
37 46 69
37 47 67
37 48 79
37 49 49
37 50 39
37 51 84
37 52 24
37 53 28
37 54 86
37 55 100
37 56 90
37 57 42
37 58 81
37 59 29
37 60 40
37 61 72
37 62 14
37 63 90
37 64 63
37 65 36
37 66 36
37 67 66
37 68 12
37 69 43
37 70 80
37 71 30
37 72 60
37 73 40
37 74 4
38 39 90
38 40 72
38 41 52
38 42 71
38 43 45
38 44 61
38 45 80
38 46 14
38 47 98
38 48 55
38 49 94
38 50 2
38 51 18
38 52 6
38 53 36
38 54 47
38 55 92
38 56 45
38 57 20
38 58 61
38 59 54
38 60 56
38 61 19
38 62 17
38 63 8
38 64 18
38 65 11
38 66 87
38 67 90
38 68 41
38 69 49
38 70 3
38 71 84
38 72 35
38 73 71
38 74 83
39 40 93
39 41 12
39 42 90
39 43 48
39 44 25
39 45 76
39 46 98
39 47 41
39 48 97
39 49 96
39 50 96
39 51 8
39 52 69
39 53 11
39 54 83
39 55 51
39 56 80
39 57 95
39 58 87
39 59 88
39 60 16
39 61 71
39 62 84
39 63 67
39 64 57
39 65 17
39 66 46
39 67 23
39 68 21
39 69 3
39 70 61
39 71 48
39 72 98
39 73 2
39 74 83
40 41 88
40 42 4
40 43 66
40 44 81
40 45 31
40 46 61
40 47 55
40 48 34
40 49 25
40 50 27
40 51 83
40 52 65
40 53 81
40 54 2
40 55 51
40 56 80
40 57 8
40 58 48
40 59 70
40 60 25
40 61 94
40 62 56
40 63 95
40 64 87
40 65 6
40 66 67
40 67 8
40 68 5
40 69 76
40 70 90
40 71 74
40 72 85
40 73 5
40 74 5
41 42 49
41 43 13
41 44 76
41 45 24
41 46 26
41 47 83
41 48 4
41 49 96
41 50 65
41 51 76
41 52 42
41 53 58
41 54 44
41 55 62
41 56 1
41 57 7
41 58 33
41 59 27
41 60 43
41 61 79
41 62 66
41 63 56
41 64 94
41 65 2
41 66 54
41 67 29
41 68 70
41 69 56
41 70 8
41 71 19
41 72 33
41 73 37
41 74 19
42 43 10
42 44 38
42 45 72
42 46 66
42 47 34
42 48 27
42 49 61
42 50 7
42 51 53
42 52 4
42 53 43
42 54 27
42 55 34
42 56 95
42 57 52
42 58 10
42 59 87
42 60 69
42 61 3
42 62 59
42 63 52
42 64 60
42 65 83
42 66 67
42 67 83
42 68 80
42 69 89
42 70 47
42 71 43
42 72 29
42 73 67
42 74 16
43 44 29
43 45 4
43 46 97
43 47 53
43 48 91
43 49 23
43 50 46
43 51 45
43 52 17
43 53 59
43 54 70
43 55 78
43 56 44
43 57 26
43 58 44
43 59 35
43 60 50
43 61 43
43 62 54
43 63 87
43 64 77
43 65 7
43 66 55
43 67 10
43 68 43
43 69 50
43 70 36
43 71 77
43 72 64
43 73 60
43 74 74
44 45 95
44 46 56
44 47 77
44 48 23
44 49 17
44 50 85
44 51 20
44 52 100
44 53 89
44 54 66
44 55 59
44 56 74
44 57 30
44 58 1
44 59 74
44 60 44
44 61 49
44 62 8
44 63 42
44 64 25
44 65 84
44 66 98
44 67 80
44 68 29
44 69 13
44 70 4
44 71 62
44 72 14
44 73 11
44 74 73
45 46 78
45 47 12
45 48 32
45 49 25
45 50 1
45 51 70
45 52 98
45 53 95
45 54 63
45 55 28
45 56 73
45 57 22
45 58 6
45 59 68
45 60 56
45 61 81
45 62 4
45 63 9
45 64 49
45 65 26
45 66 31
45 67 38
45 68 2
45 69 84
45 70 81
45 71 41
45 72 56
45 73 20
45 74 5
46 47 38
46 48 20
46 49 85
46 50 72
46 51 87
46 52 57
46 53 4
46 54 11
46 55 98
46 56 56
46 57 99
46 58 18
46 59 59
46 60 80
46 61 13
46 62 99
46 63 98
46 64 1
46 65 28
46 66 45
46 67 41
46 68 74
46 69 80
46 70 100
46 71 20
46 72 9
46 73 69
46 74 50
47 48 75
47 49 40
47 50 76
47 51 35
47 52 6
47 53 30
47 54 45
47 55 63
47 56 2
47 57 70
47 58 22
47 59 93
47 60 11
47 61 90
47 62 17
47 63 8
47 64 59
47 65 47
47 66 28
47 67 22
47 68 57
47 69 4
47 70 22
47 71 81
47 72 47
47 73 82
47 74 66
48 49 82
48 50 100
48 51 12
48 52 66
48 53 4
48 54 90
48 55 65
48 56 86
48 57 73
48 58 50
48 59 93
48 60 25
48 61 38
48 62 88
48 63 78
48 64 20
48 65 53
48 66 90
48 67 41
48 68 38
48 69 90
48 70 91
48 71 26
48 72 83
48 73 84
48 74 39
49 50 27
49 51 21
49 52 95
49 53 91
49 54 92
49 55 18
49 56 2
49 57 68
49 58 32
49 59 79
49 60 49
49 61 49
49 62 87
49 63 22
49 64 67
49 65 33
49 66 54
49 67 20
49 68 1
49 69 36
49 70 25
49 71 92
49 72 42
49 73 50
49 74 19
50 51 38
50 52 65
50 53 1
50 54 50
50 55 99
50 56 40
50 57 78
50 58 97
50 59 3
50 60 11
50 61 34
50 62 2
50 63 88
50 64 69
50 65 66
50 66 75
50 67 90
50 68 14
50 69 87
50 70 65
50 71 1
50 72 85
50 73 44
50 74 59
51 52 11
51 53 50
51 54 36
51 55 38
51 56 70
51 57 19
51 58 43
51 59 93
51 60 57
51 61 46
51 62 2
51 63 74
51 64 99
51 65 64
51 66 75
51 67 26
51 68 9
51 69 84
51 70 1
51 71 32
51 72 19
51 73 42
51 74 19
52 53 78
52 54 71
52 55 46
52 56 39
52 57 65
52 58 31
52 59 46
52 60 13
52 61 49
52 62 87
52 63 60
52 64 35
52 65 94
52 66 45
52 67 65
52 68 58
52 69 14
52 70 35
52 71 7
52 72 98
52 73 6
52 74 82
53 54 100
53 55 29
53 56 75
53 57 71
53 58 18
53 59 51
53 60 47
53 61 8
53 62 37
53 63 47
53 64 14
53 65 82
53 66 54
53 67 99
53 68 13
53 69 98
53 70 15
53 71 72
53 72 21
53 73 79
53 74 14
54 55 19
54 56 67
54 57 68
54 58 75
54 59 97
54 60 36
54 61 81
54 62 18
54 63 23
54 64 11
54 65 18
54 66 78
54 67 76
54 68 47
54 69 54
54 70 24
54 71 21
54 72 98
54 73 7
54 74 3
55 56 33
55 57 26
55 58 82
55 59 8
55 60 34
55 61 58
55 62 69
55 63 81
55 64 75
55 65 59
55 66 33
55 67 48
55 68 40
55 69 6
55 70 48
55 71 62
55 72 12
55 73 17
55 74 56
56 57 62
56 58 77
56 59 7
56 60 88
56 61 88
56 62 87
56 63 10
56 64 76
56 65 86
56 66 50
56 67 14
56 68 68
56 69 78
56 70 81
56 71 93
56 72 1
56 73 31
56 74 8
57 58 98
57 59 65
57 60 82
57 61 38
57 62 2
57 63 53
57 64 48
57 65 69
57 66 93
57 67 31
57 68 15
57 69 32
57 70 23
57 71 44
57 72 66
57 73 87
57 74 98
58 59 45
58 60 60
58 61 15
58 62 67
58 63 65
58 64 71
58 65 11
58 66 62
58 67 99
58 68 58
58 69 89
58 70 95
58 71 66
58 72 75
58 73 47
58 74 79
59 60 30
59 61 82
59 62 73
59 63 79
59 64 20
59 65 67
59 66 55
59 67 42
59 68 35
59 69 92
59 70 85
59 71 92
59 72 100
59 73 75
59 74 77
60 61 72
60 62 46
60 63 52
60 64 90
60 65 7
60 66 65
60 67 77
60 68 97
60 69 54
60 70 15
60 71 39
60 72 34
60 73 57
60 74 20
61 62 30
61 63 77
61 64 48
61 65 72
61 66 68
61 67 44
61 68 46
61 69 13
61 70 36
61 71 56
61 72 1
61 73 79
61 74 9
62 63 100
62 64 27
62 65 70
62 66 83
62 67 2
62 68 80
62 69 4
62 70 59
62 71 48
62 72 80
62 73 91
62 74 91
63 64 17
63 65 24
63 66 80
63 67 85
63 68 55
63 69 53
63 70 71
63 71 89
63 72 21
63 73 74
63 74 46
64 65 14
64 66 7
64 67 30
64 68 73
64 69 18
64 70 87
64 71 77
64 72 95
64 73 28
64 74 25
65 66 68
65 67 45
65 68 71
65 69 19
65 70 6
65 71 96
65 72 100
65 73 73
65 74 75
66 67 55
66 68 33
66 69 58
66 70 37
66 71 90
66 72 44
66 73 78
66 74 58
67 68 97
67 69 85
67 70 69
67 71 87
67 72 43
67 73 92
67 74 45
68 69 97
68 70 36
68 71 14
68 72 54
68 73 18
68 74 86
69 70 87
69 71 5
69 72 98
69 73 2
69 74 72
70 71 29
70 72 67
70 73 92
70 74 35
71 72 44
71 73 59
71 74 15
72 73 1
72 74 6
73 74 17
