500 4000
0 130 30
0 151 96
0 155 68
0 175 16
0 212 6
0 215 10
0 218 29
0 237 40
0 259 36
0 328 45
0 346 32
0 377 12
0 389 63
0 401 100
0 405 18
0 460 97
1 39 10
1 42 62
1 69 63
1 124 26
1 129 40
1 143 6
1 170 62
1 197 56
1 261 94
1 373 8
1 390 91
1 404 55
1 422 11
1 468 88
1 492 3
2 9 31
2 34 67
2 35 68
2 53 39
2 62 100
2 65 100
2 83 51
2 108 52
2 124 67
2 166 64
2 187 66
2 202 58
2 217 74
2 248 47
2 259 69
2 276 81
2 306 97
2 365 29
2 383 48
2 385 83
2 413 41
2 435 72
2 466 97
3 56 60
3 87 23
3 143 8
3 160 93
3 163 33
3 197 40
3 199 91
3 201 88
3 211 48
3 231 22
3 290 11
3 292 53
3 303 95
3 339 63
3 358 59
3 404 8
3 468 6
3 478 66
3 496 4
4 145 19
4 181 92
4 182 34
4 193 31
4 215 15
4 265 62
4 304 53
4 355 37
4 368 97
4 457 1
4 483 4
4 487 92
5 13 3
5 37 64
5 53 4
5 60 61
5 84 48
5 130 62
5 230 63
5 250 10
5 270 51
5 306 27
5 330 21
5 362 6
5 366 61
5 424 56
5 449 50
5 475 28
5 478 96
5 481 28
6 11 3
6 15 53
6 33 98
6 53 39
6 61 82
6 63 98
6 74 38
6 100 40
6 166 19
6 179 8
6 223 52
6 229 55
6 235 70
6 268 18
6 333 54
6 382 32
6 427 44
6 469 30
6 489 43
6 492 78
7 50 62
7 57 85
7 65 65
7 147 62
7 182 40
7 194 88
7 205 22
7 237 20
7 245 67
7 288 73
7 292 91
7 297 19
7 319 43
7 362 15
7 382 95
7 422 46
7 482 44
8 14 55
8 93 39
8 119 14
8 218 20
8 270 6
8 278 36
8 288 18
8 294 74
8 297 63
8 315 58
8 364 90
8 370 40
8 388 23
8 421 26
8 447 85
8 451 82
8 472 84
9 13 33
9 15 43
9 20 18
9 51 82
9 66 70
9 112 9
9 132 95
9 148 54
9 193 6
9 202 7
9 206 96
9 215 66
9 354 31
9 373 83
9 384 27
9 387 28
9 488 25
10 11 64
10 34 73
10 103 74
10 117 62
10 151 87
10 166 15
10 172 43
10 180 55
10 187 94
10 194 71
10 208 79
10 262 34
10 305 27
10 336 80
10 365 94
10 473 33
11 13 1
11 49 74
11 96 72
11 103 36
11 152 56
11 157 65
11 164 99
11 255 49
11 291 26
11 301 68
11 326 68
11 329 55
11 333 32
11 342 19
11 351 34
11 470 35
11 492 55
12 34 72
12 37 96
12 69 61
12 154 15
12 185 34
12 187 68
12 308 56
12 315 56
12 388 13
12 398 94
12 409 32
12 474 34
13 31 7
13 37 94
13 72 61
13 95 80
13 112 29
13 179 87
13 200 91
13 236 42
13 237 29
13 283 81
13 292 64
13 301 98
13 325 10
13 354 24
13 362 40
13 463 98
14 53 3
14 67 56
14 84 82
14 97 2
14 115 12
14 163 62
14 165 22
14 166 79
14 181 30
14 245 24
14 297 50
14 310 49
14 312 31
14 317 76
14 345 84
15 61 36
15 66 45
15 71 90
15 195 35
15 202 10
15 249 56
15 334 31
15 344 17
15 364 39
15 461 70
15 462 38
16 27 14
16 44 21
16 47 72
16 76 71
16 89 18
16 91 53
16 95 35
16 96 22
16 112 98
16 161 58
16 227 93
16 259 27
16 264 57
16 290 91
16 314 61
16 327 27
16 334 54
16 395 56
16 402 37
16 410 9
17 143 24
17 161 90
17 166 67
17 196 95
17 231 94
17 244 73
17 245 100
17 260 69
17 263 30
17 286 90
17 296 18
17 346 36
17 370 96
17 374 60
18 53 58
18 84 99
18 149 6
18 153 44
18 157 55
18 199 94
18 235 17
18 252 25
18 288 77
18 291 80
18 298 12
18 368 43
18 379 49
18 383 36
18 394 23
18 415 18
18 433 95
18 446 29
18 457 27
18 460 49
18 467 70
19 39 7
19 41 77
19 57 19
19 130 16
19 138 83
19 154 3
19 170 46
19 250 25
19 281 12
19 311 75
19 321 97
19 389 57
19 441 61
19 468 76
20 29 66
20 37 17
20 86 47
20 90 66
20 150 6
20 221 24
20 230 19
20 258 95
20 266 48
20 289 99
20 330 65
20 335 77
20 346 55
20 411 25
20 426 67
20 479 40
21 118 41
21 174 14
21 267 18
21 272 97
21 324 80
21 361 90
21 370 4
21 436 76
21 452 57
22 27 74
22 34 28
22 82 25
22 89 86
22 121 82
22 158 8
22 207 91
22 227 21
22 233 16
22 234 77
22 248 59
22 282 12
22 293 3
22 317 33
22 324 2
22 333 69
22 337 7
22 344 73
22 345 10
22 360 5
22 426 37
22 455 34
22 458 65
22 498 46
23 54 39
23 148 70
23 178 65
23 193 42
23 206 8
23 278 29
23 305 73
23 318 59
23 322 61
23 334 31
23 360 89
23 372 76
23 376 71
23 428 58
23 437 25
23 444 37
23 451 24
23 483 74
24 47 98
24 54 53
24 120 80
24 122 85
24 135 95
24 151 38
24 188 9
24 194 90
24 232 89
24 272 35
24 430 66
24 449 29
24 451 54
24 472 92
24 498 60
25 36 43
25 55 19
25 62 44
25 69 3
25 85 61
25 101 34
25 259 32
25 285 11
25 380 90
25 418 88
26 44 2
26 76 5
26 82 24
26 93 78
26 94 78
26 187 23
26 201 21
26 224 71
26 240 56
26 277 23
26 284 39
26 334 68
26 385 12
26 399 41
26 473 2
26 489 70
26 499 12
27 102 100
27 104 29
27 108 32
27 143 3
27 183 97
27 204 65
27 241 60
27 246 37
27 288 82
27 304 41
27 318 13
27 329 14
27 345 39
27 357 96
27 361 25
27 374 41
27 465 71
28 133 67
28 163 40
28 220 27
28 231 85
28 261 38
28 273 55
28 276 8
28 279 71
28 285 82
28 296 28
28 312 96
28 328 79
28 331 61
28 385 56
29 55 39
29 215 43
29 226 84
29 240 86
29 256 84
29 308 72
29 311 14
29 315 89
29 352 77
29 372 24
29 422 10
29 480 63
29 490 39
30 79 42
30 81 70
30 97 97
30 139 3
30 311 33
30 332 76
30 381 26
30 451 52
31 53 53
31 56 15
31 95 41
31 119 87
31 142 91
31 222 86
31 239 47
31 240 95
31 284 80
31 292 16
31 363 4
31 373 55
31 454 81
32 44 91
32 87 18
32 129 31
32 216 55
32 220 56
32 321 75
32 348 7
32 399 5
32 432 45
32 491 74
33 80 81
33 89 45
33 119 66
33 139 59
33 140 100
33 214 97
33 275 1
33 314 63
33 349 52
33 382 91
33 402 76
33 406 43
33 414 21
34 42 77
34 108 78
34 122 43
34 191 11
34 211 87
34 266 99
34 276 22
34 294 17
34 369 90
34 389 34
34 402 94
34 414 89
34 427 87
34 441 94
34 485 61
35 87 45
35 115 51
35 116 72
35 137 16
35 222 55
35 228 34
35 272 75
35 278 63
35 298 15
35 316 10
35 346 99
35 374 50
35 381 40
35 390 13
35 395 84
35 407 31
35 484 62
35 491 100
36 42 24
36 94 70
36 110 27
36 128 1
36 129 13
36 158 50
36 175 3
36 203 33
36 223 19
36 250 32
36 270 48
36 278 64
36 299 97
36 357 1
36 383 19
36 386 33
36 419 29
36 442 54
36 471 27
37 79 81
37 91 5
37 106 35
37 141 91
37 152 92
37 163 86
37 173 86
37 270 85
37 271 40
37 274 49
37 326 66
37 337 53
37 341 39
37 342 29
37 358 32
37 390 14
37 445 86
37 465 25
38 62 50
38 70 36
38 77 26
38 102 53
38 135 45
38 166 57
38 168 70
38 283 36
38 302 100
38 327 54
38 416 26
38 448 93
38 452 35
38 456 86
38 483 5
39 116 29
39 168 39
39 230 81
39 318 54
39 321 51
39 333 31
39 334 56
39 338 60
39 378 45
39 475 93
39 486 36
40 54 36
40 92 49
40 120 54
40 124 53
40 170 18
40 173 12
40 234 76
40 238 99
40 243 87
40 266 43
40 286 40
40 300 19
40 308 34
40 336 94
40 365 22
40 381 32
40 382 77
40 438 88
40 477 69
40 485 74
41 138 16
41 144 61
41 174 41
41 236 68
41 242 97
41 308 88
41 312 95
41 314 92
41 344 43
41 359 23
41 378 83
41 414 16
41 460 50
41 462 41
41 466 39
41 486 98
42 64 68
42 81 34
42 119 46
42 149 39
42 167 58
42 169 38
42 223 66
42 356 58
42 389 23
42 399 13
42 432 81
42 438 54
42 459 58
43 60 29
43 110 61
43 170 22
43 244 2
43 329 13
43 330 43
43 345 92
43 354 31
43 363 78
43 403 41
43 408 38
43 424 15
43 440 34
43 487 63
44 49 36
44 89 88
44 110 20
44 168 7
44 178 82
44 199 17
44 204 32
44 230 16
44 255 40
44 273 96
44 300 22
44 306 56
44 337 73
44 393 81
44 394 49
44 411 92
44 415 61
44 424 85
44 441 26
44 489 55
45 79 36
45 100 35
45 190 75
45 200 28
45 254 27
45 301 61
45 359 23
45 366 55
45 395 78
45 423 58
46 120 35
46 129 42
46 143 9
46 185 64
46 200 77
46 208 68
46 215 31
46 238 48
46 310 52
46 318 11
46 332 15
46 341 61
46 361 33
46 372 64
46 417 9
46 439 40
47 82 66
47 103 19
47 108 51
47 155 78
47 175 57
47 234 92
47 246 26
47 257 58
47 311 55
47 373 3
47 418 70
47 482 70
47 483 68
48 63 54
48 104 59
48 185 74
48 242 51
48 244 89
48 311 89
48 337 100
48 407 18
48 424 88
48 427 51
48 442 18
48 448 80
48 456 51
48 481 90
48 488 78
49 60 92
49 78 58
49 83 22
49 84 54
49 112 34
49 129 1
49 130 1
49 134 23
49 178 76
49 184 28
49 210 36
49 212 8
49 221 30
49 245 40
49 285 81
49 343 99
49 422 37
49 447 11
49 450 27
49 484 47
50 62 88
50 70 44
50 87 66
50 112 54
50 205 47
50 235 67
50 250 16
50 272 10
50 293 45
50 310 6
50 313 57
50 370 57
50 397 53
50 434 23
50 464 68
50 480 60
50 484 35
50 498 2
51 70 54
51 72 39
51 92 17
51 131 9
51 135 81
51 198 54
51 280 31
51 284 69
51 323 31
51 327 72
51 359 50
51 369 52
51 380 63
51 394 98
51 400 45
51 480 80
51 493 25
52 59 89
52 60 84
52 67 66
52 188 65
52 193 86
52 202 50
52 240 86
52 264 60
52 282 35
52 289 35
52 299 42
52 308 68
52 350 44
52 355 50
52 370 26
52 375 72
52 449 19
52 470 17
52 489 56
53 75 61
53 122 6
53 173 57
53 184 69
53 218 18
53 240 17
53 332 98
53 346 78
53 405 97
53 406 96
53 439 74
54 61 2
54 140 3
54 143 69
54 159 58
54 171 12
54 179 20
54 222 96
54 256 58
54 257 42
54 261 91
54 352 71
54 380 67
54 398 80
54 428 93
54 440 64
55 111 8
55 127 59
55 128 86
55 183 31
55 204 22
55 208 81
55 253 59
55 262 69
55 287 86
55 303 67
55 376 41
55 388 75
55 442 18
55 477 32
55 481 95
56 97 68
56 165 43
56 189 91
56 197 34
56 198 1
56 219 91
56 234 83
56 294 46
56 316 13
56 344 6
56 351 17
56 352 96
56 361 29
56 390 99
56 419 77
56 424 36
56 426 99
56 448 29
56 466 66
56 498 28
57 83 3
57 85 19
57 95 99
57 112 99
57 145 28
57 228 89
57 281 81
57 285 22
57 295 17
57 318 76
57 435 100
58 73 33
58 114 47
58 132 25
58 136 95
58 155 98
58 204 95
58 231 65
58 241 55
58 243 79
58 413 25
58 418 24
58 458 87
58 459 56
59 116 3
59 146 66
59 192 59
59 229 72
59 269 87
59 289 20
59 336 58
59 342 91
59 344 51
59 410 58
59 426 6
59 448 55
59 486 52
59 488 40
59 497 79
60 80 35
60 84 74
60 93 91
60 116 10
60 128 96
60 159 1
60 170 76
60 203 28
60 234 56
60 275 22
60 287 75
60 310 62
60 315 5
60 332 3
60 348 14
60 359 100
60 370 45
60 418 61
60 443 77
60 449 69
60 463 62
60 465 39
60 477 76
61 64 71
61 83 24
61 115 9
61 161 87
61 218 71
61 258 7
61 334 51
61 363 55
61 426 1
61 497 31
62 100 95
62 108 31
62 110 60
62 181 21
62 185 100
62 243 55
62 287 69
62 288 52
62 300 36
62 387 9
62 390 10
62 436 83
62 493 23
63 122 51
63 153 27
63 186 13
63 189 12
63 230 14
63 339 44
63 341 60
63 368 34
63 373 89
63 383 64
63 432 100
64 75 60
64 78 39
64 96 40
64 106 33
64 120 21
64 316 63
64 357 90
64 359 50
64 419 63
64 462 97
65 152 38
65 156 78
65 176 40
65 306 5
65 352 34
65 362 65
65 378 98
65 417 46
65 421 52
65 423 23
65 453 14
66 76 88
66 82 70
66 95 42
66 165 96
66 174 17
66 197 91
66 213 21
66 229 56
66 247 51
66 249 92
66 252 96
66 327 43
66 338 79
66 390 45
66 410 59
66 444 31
66 450 30
66 479 66
67 68 24
67 77 13
67 84 6
67 87 19
67 129 65
67 147 94
67 151 34
67 178 25
67 291 37
67 308 85
67 337 74
67 432 34
67 440 83
68 230 76
68 257 100
68 288 73
68 319 59
68 329 46
68 344 5
68 352 33
68 399 43
68 475 11
68 485 46
68 494 21
69 89 28
69 101 41
69 109 26
69 132 80
69 133 25
69 160 48
69 170 94
69 196 51
69 295 4
69 376 64
69 413 16
69 418 54
69 423 36
69 443 6
70 128 95
70 150 30
70 157 79
70 174 58
70 242 8
70 262 32
70 308 83
70 324 2
70 353 33
70 362 44
70 371 93
70 386 12
70 394 89
70 405 8
70 466 51
70 470 99
70 486 100
70 496 69
70 498 18
71 125 51
71 155 24
71 173 18
71 185 38
71 206 61
71 285 40
71 286 3
71 290 11
71 296 37
71 380 21
71 399 34
71 479 63
72 105 77
72 133 14
72 148 4
72 167 54
72 246 30
72 255 60
72 314 62
72 351 78
72 410 48
72 424 25
73 107 93
73 139 84
73 175 81
73 211 12
73 282 37
73 339 99
73 374 42
73 423 91
73 431 17
73 440 59
73 485 50
74 83 7
74 171 32
74 175 88
74 206 29
74 256 75
74 333 2
74 365 15
74 388 56
74 395 26
74 487 99
74 490 83
75 80 77
75 109 99
75 119 50
75 147 94
75 159 99
75 232 1
75 278 2
75 293 87
75 296 86
75 306 56
75 328 69
75 335 91
75 350 19
75 371 2
75 388 25
75 470 31
75 476 57
76 108 94
76 140 14
76 203 76
76 210 15
76 222 77
76 253 66
76 279 38
76 292 51
76 312 54
76 315 6
76 329 25
76 385 95
76 421 75
76 496 72
77 114 96
77 145 45
77 215 94
77 231 46
77 247 15
77 252 19
77 281 53
77 320 47
77 343 76
77 361 66
77 436 8
77 453 79
77 461 36
77 473 37
78 188 73
78 205 43
78 220 21
78 279 82
78 298 33
78 314 15
78 315 90
78 336 31
78 364 100
79 87 99
79 96 8
79 141 68
79 152 93
79 220 28
79 240 80
79 256 36
79 283 75
79 344 60
79 351 63
79 435 34
79 439 58
79 475 5
80 89 29
80 214 12
80 244 66
80 253 20
80 256 82
80 257 21
80 266 17
80 282 36
80 315 79
80 333 37
80 334 51
80 348 75
80 385 12
80 387 21
80 408 45
81 83 77
81 147 26
81 156 95
81 225 13
81 249 53
81 318 7
81 345 36
81 362 98
81 375 51
81 441 5
81 463 11
81 465 74
81 496 56
82 88 73
82 125 55
82 128 71
82 209 68
82 213 61
82 215 52
82 287 91
82 313 92
82 380 11
82 403 93
82 416 44
82 418 82
82 430 85
82 461 35
83 102 95
83 117 29
83 162 78
83 171 42
83 266 85
83 291 79
83 346 24
83 365 86
83 382 84
83 384 40
83 391 18
83 404 31
83 407 60
83 487 40
83 498 13
84 88 98
84 141 1
84 162 1
84 169 28
84 203 7
84 234 90
84 264 23
84 311 90
84 313 31
84 332 56
84 362 49
84 363 78
84 381 54
84 435 57
84 485 5
85 90 32
85 148 85
85 262 30
85 337 5
85 370 88
85 399 96
85 403 26
85 435 98
85 485 33
86 146 5
86 154 56
86 162 70
86 188 56
86 210 65
86 232 79
86 239 64
86 245 53
86 283 21
86 333 99
86 347 54
86 352 13
86 420 89
86 422 48
86 423 66
86 480 74
86 498 56
87 133 62
87 154 93
87 187 40
87 249 14
87 278 75
87 284 45
87 300 11
87 338 88
87 373 34
87 395 88
87 400 26
87 406 24
87 475 20
88 97 74
88 131 19
88 166 30
88 180 8
88 185 61
88 270 81
88 278 27
88 309 42
88 313 57
88 317 30
88 395 9
88 403 50
88 423 2
88 437 33
89 120 62
89 121 100
89 148 82
89 164 62
89 193 30
89 236 25
89 295 96
89 306 46
89 350 54
89 365 37
89 418 100
89 425 4
89 432 75
89 449 20
89 497 49
90 155 70
90 188 47
90 244 74
90 253 37
90 265 1
90 319 33
90 323 74
90 362 9
90 410 98
90 419 50
90 421 98
90 478 55
90 489 86
91 147 3
91 256 78
91 325 75
91 343 65
91 344 29
91 438 79
91 450 64
91 455 18
92 93 35
92 108 12
92 142 56
92 217 27
92 219 90
92 284 23
92 317 89
92 347 80
92 400 10
92 417 67
92 446 5
92 467 95
93 172 36
93 237 60
93 239 40
93 289 78
93 322 5
93 345 90
93 347 71
93 360 48
93 399 64
93 416 87
93 450 67
93 474 63
93 490 61
93 497 6
93 498 19
94 104 37
94 136 10
94 140 62
94 161 96
94 209 7
94 228 74
94 239 6
94 249 70
94 270 3
94 317 36
94 335 39
94 336 47
94 361 59
94 402 50
94 448 91
94 462 41
95 148 46
95 232 87
95 267 61
95 312 91
95 365 17
95 368 98
95 371 1
95 407 69
95 430 57
95 459 66
95 476 34
95 490 100
95 491 8
96 101 97
96 130 89
96 224 12
96 260 13
96 287 86
96 298 56
96 397 38
96 400 19
96 401 37
96 479 65
96 486 61
97 98 94
97 149 91
97 198 62
97 207 5
97 240 36
97 244 11
97 271 49
97 289 24
97 290 96
97 310 10
97 313 92
97 342 75
97 343 72
97 361 57
97 413 91
97 415 90
97 463 2
97 494 48
98 102 69
98 104 57
98 111 57
98 151 13
98 200 43
98 219 34
98 265 8
98 271 71
98 278 79
98 396 81
98 413 10
98 426 43
98 443 94
99 197 9
99 235 55
99 239 71
99 306 27
99 349 74
99 364 23
99 371 48
99 384 56
99 392 76
99 408 41
99 470 80
100 118 41
100 144 63
100 148 78
100 160 85
100 244 88
100 270 73
100 311 35
100 322 80
100 350 69
100 448 69
100 451 72
100 476 20
100 486 80
101 106 71
101 142 63
101 165 18
101 169 6
101 253 28
101 287 11
101 354 28
101 400 28
102 162 92
102 167 3
102 168 81
102 173 44
102 237 79
102 272 82
102 318 36
102 401 95
102 422 67
102 443 19
102 451 15
102 470 75
103 165 60
103 168 39
103 171 69
103 173 30
103 175 32
103 185 40
103 193 44
103 289 34
103 377 37
103 384 34
103 471 100
103 490 7
104 113 76
104 122 97
104 129 80
104 132 6
104 157 59
104 181 80
104 205 78
104 303 39
104 321 31
104 347 99
104 386 34
104 389 21
104 466 57
104 490 35
105 132 86
105 142 31
105 143 58
105 165 78
105 195 28
105 274 45
105 278 64
105 301 77
105 321 89
105 381 24
105 414 29
105 462 83
106 116 58
106 220 17
106 292 59
106 329 63
106 338 43
106 419 51
106 425 50
106 455 33
107 163 64
107 249 97
107 312 86
107 347 49
107 376 46
107 407 97
107 409 69
107 446 1
107 470 24
107 477 4
108 110 54
108 130 76
108 173 65
108 180 85
108 193 88
108 284 1
108 286 81
108 293 40
108 296 38
108 314 41
108 325 57
108 329 22
108 338 21
108 344 60
108 350 22
108 367 85
108 384 18
108 403 34
108 414 67
108 462 36
108 481 37
109 122 100
109 145 4
109 156 5
109 201 78
109 212 58
109 217 69
109 244 76
109 259 68
109 328 95
109 358 20
109 368 26
109 406 48
109 408 83
109 475 81
109 485 86
110 128 67
110 167 50
110 169 26
110 214 64
110 229 97
110 251 30
110 290 95
110 344 34
110 371 81
110 399 37
110 401 21
110 416 21
110 455 10
110 464 6
111 114 78
111 121 88
111 127 43
111 129 60
111 160 17
111 203 54
111 263 85
111 345 88
111 368 87
111 438 58
111 447 28
111 467 25
111 490 80
112 121 76
112 129 96
112 149 49
112 203 62
112 231 59
112 249 86
112 333 62
112 384 36
112 397 70
112 414 38
112 459 36
112 462 47
113 169 36
113 205 24
113 211 93
113 223 8
113 226 13
113 278 27
113 283 50
113 295 68
113 324 45
113 365 91
113 395 54
113 454 23
113 457 55
113 460 88
114 120 16
114 121 26
114 159 37
114 180 6
114 197 46
114 203 4
114 218 29
114 272 56
114 337 67
114 368 75
114 430 86
114 475 18
114 499 76
115 160 69
115 239 69
115 255 76
115 293 85
115 349 22
115 365 33
115 385 57
115 394 2
115 398 86
115 404 19
116 149 64
116 164 20
116 223 46
116 249 27
116 251 75
116 260 88
116 305 63
116 338 12
116 351 74
116 377 72
116 380 29
116 391 22
116 431 51
116 437 44
116 447 13
116 450 72
116 487 84
117 251 31
117 257 40
117 344 81
117 377 31
117 399 74
117 401 25
117 413 7
117 436 69
117 442 20
117 456 98
117 492 78
118 121 67
118 125 26
118 138 95
118 207 1
118 217 54
118 227 92
118 230 51
118 268 51
118 303 84
118 408 55
118 465 80
119 123 19
119 124 18
119 151 93
119 157 17
119 195 3
119 243 29
119 247 69
119 298 25
119 306 56
119 330 75
119 333 83
119 352 60
119 466 82
119 494 94
120 140 33
120 157 38
120 196 71
120 220 31
120 248 34
120 252 27
120 253 47
120 254 67
120 274 70
120 284 46
120 316 53
120 327 82
120 362 98
120 393 31
120 445 2
120 486 42
120 497 54
120 499 26
121 124 93
121 127 12
121 211 92
121 236 58
121 257 20
121 265 42
121 296 31
121 312 43
121 325 84
121 365 94
121 366 98
121 410 11
121 412 61
121 474 65
122 160 69
122 177 89
122 188 45
122 217 29
122 250 38
122 256 93
122 327 64
122 477 87
122 484 30
123 132 53
123 150 60
123 159 62
123 167 83
123 177 71
123 182 3
123 185 24
123 198 39
123 199 65
123 244 80
123 283 86
123 303 94
123 366 74
123 406 6
123 423 42
123 476 40
123 492 67
124 136 7
124 151 20
124 169 98
124 357 27
124 365 67
124 369 76
124 407 78
124 449 89
124 495 66
125 165 48
125 182 43
125 200 57
125 225 13
125 245 77
125 274 97
125 294 18
125 326 52
125 365 66
125 388 26
125 396 82
125 410 17
126 151 15
126 177 88
126 274 7
126 287 19
126 304 19
126 312 20
126 365 62
126 374 98
126 396 99
126 439 81
127 239 4
127 259 53
127 276 87
127 329 75
127 366 69
127 381 24
127 399 37
127 420 48
127 427 40
127 428 58
128 214 16
128 234 47
128 245 26
128 277 64
128 293 7
128 346 63
128 425 53
128 472 29
129 138 63
129 263 98
129 265 1
129 270 37
129 296 99
129 298 77
129 344 25
129 396 73
129 431 17
129 466 69
129 493 36
130 145 94
130 178 87
130 205 62
130 209 83
130 227 31
130 253 56
130 269 2
130 270 53
130 364 54
130 369 87
130 376 22
130 411 69
130 433 4
130 472 91
130 475 13
130 495 74
131 140 21
131 153 18
131 209 30
131 227 83
131 243 53
131 306 32
131 332 44
131 379 23
131 383 12
131 392 61
131 420 29
131 458 34
131 461 86
131 480 12
131 496 6
132 148 58
132 150 75
132 204 62
132 218 96
132 274 79
132 276 91
132 286 36
132 308 62
132 340 29
132 349 75
132 380 36
132 411 99
133 156 24
133 182 42
133 199 51
133 225 74
133 277 44
133 291 48
133 310 87
133 430 2
133 457 73
134 169 35
134 175 40
134 176 8
134 193 56
134 207 43
134 226 28
134 230 66
134 249 53
134 256 98
134 362 11
134 463 23
134 466 5
134 475 1
135 164 27
135 167 66
135 209 24
135 214 19
135 219 99
135 232 65
135 237 83
135 252 26
135 268 13
135 272 58
135 289 11
135 324 75
135 337 53
135 340 3
135 426 96
135 449 37
136 170 100
136 184 48
136 212 29
136 236 43
136 324 88
136 351 26
136 365 76
136 366 70
136 429 95
137 145 35
137 212 70
137 242 21
137 243 68
137 294 50
137 321 49
137 331 37
137 363 39
137 397 67
137 404 15
137 430 48
137 439 70
137 457 29
137 476 96
138 158 50
138 160 58
138 169 34
138 177 39
138 255 9
138 263 96
138 285 16
138 340 97
138 435 3
138 438 68
138 488 2
138 496 76
139 189 85
139 200 47
139 250 97
139 319 58
139 338 83
139 414 16
139 457 3
139 475 89
139 485 84
140 156 4
140 194 17
140 218 31
140 264 15
140 265 66
140 403 95
140 456 64
140 488 75
140 499 97
141 146 47
141 231 8
141 251 55
141 299 16
141 422 74
141 491 20
142 284 41
142 308 8
142 369 85
142 384 3
142 389 53
142 396 88
142 398 11
142 473 72
142 491 29
143 162 67
143 198 77
143 254 46
143 270 62
143 290 100
143 301 62
143 316 84
143 322 72
143 379 37
143 410 73
143 439 86
143 450 39
143 463 49
143 497 63
143 499 59
144 196 44
144 206 39
144 209 89
144 220 66
144 234 84
144 269 100
144 359 44
144 397 58
144 407 14
144 416 44
144 421 99
144 458 42
144 460 26
144 494 7
145 150 43
145 211 18
145 229 38
145 235 9
145 250 21
145 279 25
145 286 76
145 339 68
145 377 25
145 423 93
145 485 83
146 243 90
146 289 74
146 336 50
146 391 38
146 464 75
146 471 66
146 474 25
146 476 52
146 497 91
147 161 41
147 249 62
147 302 22
147 305 47
147 313 83
148 150 53
148 160 52
148 181 41
148 184 9
148 189 23
148 210 68
148 283 29
148 339 47
148 362 35
148 407 89
148 411 90
148 431 25
148 435 16
149 185 82
149 199 42
149 203 53
149 261 74
149 306 34
149 322 50
149 326 9
149 357 27
149 359 76
149 364 78
149 396 24
149 432 65
150 173 84
150 198 30
150 223 44
150 315 95
150 316 29
150 330 79
150 340 97
150 351 72
150 357 57
150 378 24
150 450 55
150 461 42
151 160 63
151 168 73
151 258 90
151 287 29
151 302 92
151 329 24
151 390 19
151 412 30
151 438 30
151 469 83
151 474 8
152 167 93
152 168 29
152 170 91
152 178 28
152 234 38
152 289 88
152 323 98
152 405 16
152 437 20
153 185 65
153 325 13
153 330 30
153 351 28
153 356 7
153 361 40
153 395 61
153 407 83
153 447 47
153 471 33
154 156 37
154 175 28
154 215 66
154 370 28
154 378 3
154 402 96
154 421 81
154 448 66
155 169 75
155 210 44
155 251 48
155 269 13
155 285 96
155 321 57
155 346 63
155 447 8
156 166 88
156 189 2
156 231 36
156 232 74
156 322 94
156 351 38
156 357 89
156 377 54
156 427 62
156 472 82
157 196 30
157 226 99
157 265 86
157 304 18
157 314 13
157 323 78
157 413 88
157 416 79
157 451 79
157 469 72
157 470 8
158 186 37
158 334 93
158 377 25
158 427 24
158 434 29
158 455 35
158 484 62
158 491 79
159 180 3
159 183 30
159 208 80
159 234 26
159 304 74
159 321 79
159 329 10
159 340 98
159 421 42
159 431 93
159 481 60
159 498 44
160 227 18
160 276 91
160 376 99
160 395 70
160 413 64
160 463 100
161 178 2
161 196 85
161 290 17
161 387 52
161 488 22
162 172 49
162 317 2
162 449 99
162 454 77
162 456 44
162 480 92
162 490 27
163 195 37
163 241 84
163 246 35
163 250 96
163 274 7
163 457 92
164 167 80
164 206 19
164 219 99
164 292 32
164 314 27
164 315 14
164 325 31
164 387 21
164 481 86
165 176 11
165 182 32
165 183 71
165 249 82
165 287 17
165 337 83
165 338 94
165 387 52
165 416 67
165 455 39
165 456 49
165 457 29
165 480 63
166 198 14
166 211 59
166 225 88
166 298 1
166 323 67
166 391 87
166 393 99
166 408 62
166 416 63
166 459 45
167 188 37
167 192 81
167 220 42
167 262 69
167 344 35
167 356 17
167 357 40
167 373 51
167 380 87
167 420 20
167 440 13
167 485 19
168 182 37
168 183 69
168 250 72
168 257 67
168 274 95
168 277 21
168 278 53
168 391 45
168 394 5
169 193 54
169 206 33
169 270 62
169 296 68
169 317 6
169 328 54
169 341 15
169 349 26
169 372 54
169 414 31
169 435 8
169 466 37
170 218 72
170 240 4
170 242 93
170 297 42
170 306 35
170 375 83
170 386 90
170 460 8
171 173 32
171 191 82
171 233 42
171 252 31
171 255 54
171 352 36
171 362 50
171 421 52
171 459 28
172 179 72
172 262 51
172 267 10
172 335 14
172 347 89
172 374 23
172 411 63
172 452 91
173 217 74
173 267 85
173 268 11
173 353 81
173 437 72
173 445 65
174 181 35
174 207 89
174 233 31
174 279 19
174 372 7
174 412 36
174 470 48
174 472 84
175 188 18
175 286 2
175 291 97
175 312 34
175 325 71
175 337 19
175 422 17
175 425 18
175 441 14
176 181 11
176 183 98
176 245 54
176 296 33
176 406 80
176 434 94
176 454 68
177 204 44
177 209 11
177 339 7
177 357 99
177 388 29
177 423 37
177 451 78
178 195 29
178 236 74
178 250 76
178 297 86
178 331 53
178 350 25
178 361 83
178 381 66
178 390 53
178 420 41
178 478 43
179 188 12
179 211 76
179 224 14
179 261 46
179 367 84
179 404 92
179 433 79
179 479 47
180 220 1
180 256 20
180 342 53
180 355 21
180 363 76
180 404 43
180 425 70
180 441 40
180 457 71
180 475 52
181 193 8
181 270 41
181 317 77
181 373 14
181 440 8
181 452 3
181 486 57
182 260 56
182 261 65
182 360 74
182 378 97
182 424 37
182 487 37
183 186 41
183 200 10
183 229 14
183 267 75
183 268 94
183 297 27
183 314 37
183 329 77
183 350 83
183 356 62
183 496 100
184 209 22
184 225 99
184 259 8
184 332 15
184 338 56
184 367 76
184 470 85
184 476 53
184 487 29
185 215 78
185 282 67
185 315 27
185 352 1
185 379 30
185 411 47
185 436 85
185 464 71
186 194 99
186 238 15
186 239 68
186 240 11
186 291 81
186 309 33
186 312 37
186 319 66
186 325 4
186 370 53
186 444 82
187 208 28
187 215 70
187 216 68
187 241 12
187 256 45
187 302 20
187 355 59
187 468 84
187 479 100
187 492 10
188 200 66
188 209 26
188 256 73
188 291 43
188 309 96
188 336 60
188 349 24
188 387 44
188 436 63
188 459 10
188 479 12
188 485 61
189 220 68
189 251 67
189 282 34
189 295 100
189 325 64
189 329 89
189 381 79
189 408 78
189 412 33
189 446 51
189 454 9
189 469 81
189 473 85
190 220 62
190 228 21
190 229 14
190 309 50
190 311 51
190 324 48
190 422 8
190 455 67
190 465 12
190 480 32
190 483 20
191 283 71
191 289 12
191 321 3
191 345 30
191 349 64
191 368 74
191 390 70
191 452 29
192 224 19
192 226 7
192 302 91
192 319 42
192 327 29
192 370 99
192 447 86
192 453 57
192 473 65
193 215 81
193 220 44
193 226 7
193 232 5
193 309 63
193 334 21
193 386 1
193 395 79
193 396 50
193 420 87
193 423 7
193 425 37
193 442 21
194 198 15
194 207 54
194 220 58
194 281 77
194 302 4
194 306 50
194 325 68
194 367 39
194 372 88
194 418 26
194 458 33
194 471 81
195 221 83
195 226 37
195 251 62
195 427 50
195 442 62
195 446 69
195 480 14
196 225 84
196 326 48
196 327 24
196 355 94
196 387 30
196 388 99
196 408 30
197 221 18
197 246 69
197 248 17
197 257 50
197 290 4
197 354 85
197 377 99
197 386 74
197 464 56
197 466 89
197 484 3
197 493 52
198 261 29
198 270 12
198 305 9
198 318 12
198 335 75
198 336 91
198 343 30
198 352 67
198 354 40
198 368 64
198 401 92
198 421 80
198 449 27
198 455 15
198 458 37
199 239 3
199 289 7
199 394 54
199 402 25
199 421 65
199 435 81
199 475 55
200 254 60
200 273 74
200 279 53
200 305 29
200 322 94
200 337 34
200 363 29
200 487 40
200 495 11
201 248 73
201 277 15
201 325 58
201 387 40
201 415 90
201 456 40
201 498 82
202 219 40
202 238 24
202 281 55
202 290 99
202 306 36
202 307 71
202 329 82
202 376 35
202 428 44
203 280 90
203 291 21
203 310 76
203 328 45
203 373 52
203 412 87
203 492 67
204 216 69
204 217 51
204 247 71
204 320 97
204 343 77
204 389 93
204 444 80
204 454 78
205 228 85
205 239 56
205 250 48
205 252 58
205 259 72
205 260 71
205 266 9
205 277 29
205 341 72
205 393 18
205 427 75
206 278 51
206 295 78
206 301 68
206 356 62
206 360 71
206 364 48
206 379 98
206 399 10
206 431 68
206 443 51
206 475 3
207 209 90
207 336 18
207 353 29
207 421 51
208 210 63
208 223 61
208 225 35
208 276 27
208 280 40
208 333 13
208 370 85
208 372 97
208 410 65
208 475 89
209 217 76
209 302 3
209 322 35
209 342 68
209 346 92
209 377 48
209 381 89
209 403 9
209 445 22
209 457 71
209 464 33
209 489 24
209 499 49
210 252 66
210 255 63
210 256 17
210 297 10
210 324 45
210 347 27
210 350 29
210 368 91
210 415 97
210 450 73
211 233 50
211 262 10
211 346 3
211 376 59
211 390 38
211 394 40
211 400 93
211 437 84
211 461 5
211 488 32
212 219 33
212 238 4
212 314 12
212 351 82
212 357 62
212 405 70
212 435 35
213 242 85
213 282 94
213 310 74
213 373 68
213 453 85
213 462 95
213 488 9
214 299 13
214 315 17
214 338 67
214 384 45
214 392 88
214 405 46
214 412 70
214 446 19
214 453 76
214 460 57
214 470 97
214 481 62
215 217 98
215 321 98
215 326 96
215 460 21
216 229 52
216 241 70
216 258 23
216 277 19
216 278 52
216 409 60
216 417 73
216 434 64
216 447 50
216 478 95
217 225 34
217 299 39
217 308 34
217 319 77
217 323 66
217 353 4
217 370 14
217 426 84
217 494 22
218 281 3
218 285 86
218 336 67
218 353 64
218 354 80
218 373 26
218 406 41
218 409 84
218 470 11
218 471 39
219 256 35
219 283 5
219 317 14
219 348 58
219 356 71
219 370 84
219 373 99
219 379 95
219 438 59
219 452 44
219 460 76
220 308 1
220 309 16
220 335 31
220 339 46
220 359 26
220 396 6
220 399 31
220 444 11
220 478 18
220 496 90
221 255 14
221 268 69
221 312 92
221 334 39
221 344 72
221 397 54
221 407 33
221 444 98
221 468 89
221 484 60
222 260 5
222 266 51
222 303 20
222 317 15
222 327 6
222 338 57
222 342 89
222 398 32
222 408 18
222 422 45
222 470 11
222 479 32
223 233 43
223 324 63
223 337 43
223 399 78
223 406 32
223 419 1
223 463 86
223 465 44
224 260 53
224 338 40
224 342 20
224 347 31
224 353 67
224 366 51
224 373 31
224 390 90
225 230 72
225 276 61
225 319 35
225 325 16
225 378 99
225 383 38
225 420 46
225 430 24
225 467 5
225 477 63
226 286 35
226 307 47
226 347 74
226 358 61
226 369 24
226 381 19
226 406 38
226 432 81
226 459 43
226 472 90
227 246 51
227 250 89
227 304 60
227 329 52
227 393 9
227 493 56
228 332 93
228 393 83
228 435 56
228 489 66
228 497 34
229 240 48
229 244 49
229 255 6
229 264 65
229 267 34
229 275 5
229 372 33
229 378 21
229 405 97
229 440 93
229 461 59
229 483 86
229 489 88
230 250 64
230 320 24
230 324 100
230 326 54
230 339 42
230 355 21
230 360 3
230 364 41
230 426 27
230 469 28
230 470 49
231 275 97
231 287 33
231 298 67
231 307 36
231 350 1
231 353 46
231 375 83
231 421 4
232 240 94
232 317 63
232 336 49
232 353 56
232 362 95
232 398 33
232 434 8
232 457 78
232 466 92
233 280 91
233 321 8
233 349 44
233 361 83
233 383 74
233 389 36
233 429 24
233 434 81
233 460 84
234 253 9
234 277 55
234 297 16
234 298 19
234 301 28
234 313 59
234 330 60
234 333 99
234 334 16
234 339 4
234 375 50
234 407 14
234 413 29
234 428 32
234 432 85
234 496 82
235 261 80
235 282 100
235 313 2
235 322 14
235 324 33
235 334 83
235 382 87
235 473 94
235 478 10
236 255 76
236 278 28
236 290 42
236 331 1
236 337 24
236 350 79
236 354 45
236 372 41
236 411 95
236 446 70
237 252 80
237 254 35
237 309 17
237 315 53
237 362 86
237 367 61
237 433 88
237 474 16
237 477 17
238 241 33
238 283 3
238 286 50
238 324 60
238 343 42
238 389 14
238 391 24
238 403 70
238 405 77
238 425 90
238 466 64
238 487 26
239 240 38
239 251 21
239 307 98
239 327 81
239 342 32
239 344 83
239 389 78
239 399 51
239 438 34
240 310 45
240 313 99
240 324 24
240 341 13
240 437 81
240 465 38
240 473 71
240 479 83
240 489 30
240 496 61
241 256 2
241 265 100
241 287 45
241 303 39
241 323 74
241 330 85
241 354 14
241 364 4
241 375 75
241 395 43
241 402 65
241 456 2
242 244 76
242 291 15
242 335 66
242 350 84
242 404 71
242 419 12
242 432 79
242 447 7
242 454 66
243 268 67
243 355 5
243 382 94
243 393 84
243 400 97
243 430 6
243 438 25
244 251 24
244 263 9
244 441 58
244 447 36
244 448 28
244 452 96
244 476 91
245 340 79
245 377 10
245 381 97
245 398 10
245 409 8
245 433 71
245 440 58
245 482 7
246 252 58
246 265 57
246 320 32
246 348 70
246 351 48
246 388 15
246 405 51
246 415 87
246 443 36
246 489 98
247 254 62
247 288 5
247 331 43
247 348 50
247 372 16
247 390 37
247 396 31
247 418 95
247 457 71
247 496 19
248 258 27
248 259 81
248 284 58
248 397 60
248 486 74
249 262 54
249 270 89
249 312 85
249 436 22
249 491 40
250 257 14
250 285 53
250 325 97
250 364 56
250 407 33
250 460 17
250 474 74
251 269 100
251 275 66
251 309 39
251 323 69
251 370 56
251 383 83
251 418 22
251 421 70
251 450 87
251 459 5
252 255 21
252 262 29
252 296 60
252 330 5
252 410 87
252 418 15
252 434 5
252 453 71
252 480 89
252 499 60
253 266 67
253 289 46
253 319 55
253 338 57
253 357 31
253 409 82
253 411 78
253 418 54
253 439 64
253 444 15
254 286 95
254 302 84
254 346 86
254 349 8
254 377 15
254 405 57
254 420 99
254 436 48
254 438 20
255 291 88
255 301 59
255 341 30
255 376 64
255 382 54
255 407 55
255 434 36
255 437 65
255 449 91
255 457 75
256 274 80
256 299 84
256 300 68
256 351 27
256 394 40
256 414 12
256 460 51
256 476 62
257 272 89
257 291 17
257 330 38
257 384 34
257 397 76
257 449 31
257 487 56
258 289 84
258 317 88
258 333 87
258 355 14
258 371 65
258 401 25
258 407 84
258 418 82
258 428 76
258 481 33
259 357 70
259 363 88
259 367 58
259 377 80
259 399 68
259 457 9
260 288 79
260 345 71
260 352 55
260 407 62
260 429 41
260 455 6
260 470 65
260 482 7
261 356 29
261 475 7
262 290 21
262 296 7
262 356 68
262 388 29
262 434 29
262 454 100
262 463 75
262 482 84
263 311 63
263 312 76
263 344 50
263 356 66
263 368 95
263 376 28
263 424 28
263 475 95
263 498 21
264 309 24
264 316 66
264 338 25
264 362 2
264 396 27
264 399 8
264 415 42
264 450 15
264 464 65
264 475 11
264 499 18
265 293 43
265 316 67
265 332 48
265 342 89
265 353 63
265 383 49
265 424 13
265 447 19
265 468 15
266 276 78
266 284 68
266 352 74
266 403 46
266 427 54
266 455 4
267 294 65
267 326 47
267 329 80
267 389 65
267 416 97
267 422 94
267 465 43
268 362 13
268 379 33
268 387 26
268 396 44
268 400 2
268 442 29
268 451 18
268 454 60
268 487 20
269 303 91
269 422 69
269 454 6
269 464 1
269 494 71
270 294 54
270 358 55
270 404 68
270 475 57
271 273 66
271 374 78
271 391 50
271 419 52
271 456 53
271 469 25
272 345 97
272 355 59
272 374 23
272 375 56
272 402 14
272 412 33
272 433 77
272 436 12
272 455 49
272 489 12
273 312 86
273 346 37
273 382 53
273 383 87
273 388 3
273 399 85
273 453 28
273 499 95
274 283 71
274 372 46
274 435 68
274 457 41
274 470 15
274 497 25
275 302 17
275 316 39
275 346 39
275 409 30
275 428 85
276 288 32
276 293 26
276 340 53
276 343 77
276 363 40
276 396 46
277 297 24
277 315 22
277 330 35
277 390 80
277 404 16
277 447 76
277 450 73
277 461 65
278 322 80
278 364 17
278 370 12
278 410 58
278 484 31
279 288 72
279 297 65
279 318 56
279 341 100
279 353 95
279 393 2
279 409 49
279 412 99
279 434 80
279 467 13
280 283 88
280 312 16
280 339 29
280 352 93
280 370 43
280 483 84
280 492 59
280 498 71
281 284 9
281 340 45
281 399 92
281 403 24
281 404 6
282 283 89
282 296 81
282 327 55
282 436 36
282 439 71
282 479 92
283 350 7
283 401 80
283 409 57
283 421 20
283 428 99
283 429 35
283 495 24
284 368 20
284 369 57
284 432 21
284 443 91
284 458 3
284 471 30
284 483 22
285 329 14
285 352 12
285 398 53
286 307 67
286 326 73
286 397 99
286 434 68
286 444 77
287 288 48
287 305 57
287 372 22
287 381 21
287 396 15
287 404 36
287 414 53
287 463 47
288 290 12
288 315 59
288 325 75
288 342 61
288 398 57
288 410 66
288 412 35
288 416 45
288 422 35
288 428 82
288 429 69
288 492 46
289 296 88
289 338 53
289 346 87
289 378 99
289 463 85
289 482 24
289 484 56
290 373 41
290 375 45
290 383 29
290 404 64
290 426 43
290 463 87
290 492 84
290 498 50
291 339 94
291 367 81
291 463 65
292 361 72
292 365 15
292 385 4
292 417 90
292 427 24
292 442 12
292 451 25
293 304 1
293 372 63
293 498 21
294 304 75
294 342 68
294 367 10
295 326 72
295 340 17
295 346 90
295 403 66
295 419 73
295 421 30
295 436 11
295 489 37
295 499 49
296 301 44
296 327 33
296 340 80
296 394 83
296 418 97
296 498 74
297 335 30
297 407 56
298 332 64
298 338 29
298 386 12
298 472 96
298 474 17
299 311 1
299 368 23
299 379 72
299 440 49
299 459 69
300 303 27
300 326 67
300 340 91
300 441 5
300 448 45
300 478 74
300 489 74
301 313 34
301 358 42
301 369 54
301 378 55
301 408 81
301 421 51
302 332 15
302 334 68
302 350 32
302 405 59
302 414 33
302 465 48
302 494 86
303 305 53
303 342 80
303 343 100
303 351 83
303 367 66
303 384 93
303 401 1
303 412 2
303 420 47
303 424 25
303 452 39
303 454 86
303 499 32
304 317 89
304 329 71
304 361 54
304 389 82
304 425 70
304 440 91
304 481 2
305 316 86
305 335 29
305 394 19
305 408 39
305 414 99
305 426 49
305 453 34
305 482 24
306 383 78
306 425 32
306 431 20
306 496 1
307 311 16
307 388 66
307 398 15
307 426 68
307 487 44
308 345 63
308 426 22
308 440 98
309 395 59
309 403 98
309 404 2
309 444 69
309 460 91
309 493 31
310 325 90
310 434 2
310 449 23
310 455 28
310 496 6
311 337 33
311 353 85
311 372 37
312 331 85
312 437 5
312 438 10
312 447 83
312 448 94
312 467 11
312 468 66
312 494 46
313 322 68
313 341 4
313 342 68
313 344 26
313 419 9
313 477 20
313 482 75
313 492 29
313 494 21
314 343 81
314 361 37
314 397 75
314 439 44
314 440 95
314 483 31
315 338 28
315 343 25
315 378 3
315 407 80
316 319 90
316 355 10
316 361 63
316 382 23
316 412 32
316 444 90
316 497 88
317 332 86
317 341 13
317 384 10
317 453 25
317 464 17
317 467 38
317 477 80
318 319 54
318 321 15
318 347 86
318 429 57
318 450 87
318 469 21
319 326 97
319 357 30
319 384 36
319 447 42
319 451 10
319 498 63
320 379 92
320 466 70
320 484 72
320 488 58
321 358 62
321 362 15
321 365 20
321 410 80
321 444 46
321 455 60
322 324 67
322 330 72
322 357 36
322 388 12
322 389 89
322 398 33
322 399 80
322 434 90
322 444 65
322 462 56
323 326 49
323 354 99
323 403 13
323 421 33
323 435 12
323 444 2
324 367 73
324 388 16
324 390 54
324 450 45
324 463 2
325 331 70
325 370 19
325 375 39
325 377 50
325 394 25
325 421 21
325 489 45
326 335 37
326 336 50
326 343 89
326 354 7
326 358 12
326 382 33
326 407 68
326 412 66
326 417 85
326 489 21
327 381 42
327 402 30
327 409 7
328 397 49
329 346 31
329 402 78
329 450 1
330 365 97
330 406 49
330 422 12
331 340 14
331 423 78
332 344 65
332 400 24
332 412 50
332 427 5
333 374 76
333 430 43
333 436 16
333 471 71
334 389 21
334 409 43
334 410 56
334 411 61
334 490 55
334 496 92
335 336 82
335 400 40
335 434 58
335 438 82
335 460 16
335 477 76
336 374 18
336 429 90
336 439 92
337 362 81
337 373 36
337 379 48
337 432 73
337 484 53
338 387 81
338 450 37
339 344 91
339 349 22
339 361 21
339 386 34
339 389 5
339 395 43
339 444 74
339 466 66
339 473 10
339 483 86
339 492 94
340 350 23
340 369 59
340 403 88
340 431 76
340 438 45
340 469 30
340 497 60
341 352 86
341 360 97
341 492 26
342 347 11
342 385 86
342 476 96
343 367 67
343 384 49
343 405 16
343 421 91
343 476 5
343 493 27
344 379 39
344 432 24
344 462 36
344 477 17
345 356 8
345 410 50
346 350 31
346 360 49
346 395 3
346 415 6
346 465 57
346 480 32
346 483 21
347 354 61
347 388 98
347 390 59
347 417 69
347 422 4
347 456 35
347 482 80
347 490 35
347 494 14
348 354 83
348 362 57
348 366 44
348 385 29
348 387 66
348 409 99
348 462 77
348 481 83
348 490 65
349 388 91
349 441 37
349 480 29
349 498 66
350 357 38
350 368 35
350 379 40
350 423 24
350 429 45
350 447 71
350 458 46
351 377 38
351 400 27
351 404 87
351 440 59
351 444 42
351 464 47
351 472 17
351 479 2
351 481 5
351 484 31
351 486 36
351 487 65
352 386 72
352 403 78
352 411 21
352 422 2
352 439 65
352 447 63
352 448 34
353 384 40
353 401 19
353 404 43
353 420 87
354 364 56
354 397 22
354 430 67
354 487 95
354 488 42
355 375 38
355 422 31
355 451 51
355 475 99
356 365 62
356 388 38
356 399 87
356 409 72
356 441 34
356 447 32
356 457 62
356 495 2
357 371 51
357 398 56
357 422 95
357 427 2
357 460 3
358 369 6
358 382 46
358 446 93
358 470 88
359 393 29
359 425 65
359 462 23
359 466 72
359 474 74
360 373 53
360 395 25
360 402 95
360 422 15
360 437 30
360 448 69
361 368 43
361 393 24
362 374 12
362 381 66
362 409 31
362 483 96
362 489 8
363 396 22
363 400 41
363 403 97
363 414 92
363 429 21
363 459 38
363 463 32
363 467 23
363 492 81
364 381 26
364 390 38
364 409 12
364 484 71
365 371 26
365 395 94
365 421 41
365 488 5
366 422 70
367 376 84
367 379 68
367 387 38
367 414 1
367 421 36
367 450 46
367 451 44
367 475 32
367 477 50
367 488 24
367 493 90
367 496 94
367 499 58
368 378 16
368 452 89
368 455 8
368 458 38
369 437 73
369 459 26
369 463 93
369 478 48
370 374 2
370 425 66
370 427 17
370 438 36
370 458 48
370 467 98
370 473 64
371 421 80
371 434 18
372 374 41
372 440 11
372 444 17
372 447 4
372 471 19
373 415 95
373 428 24
373 431 32
373 469 7
373 488 87
373 491 50
374 420 20
374 457 86
375 399 92
375 439 57
375 444 46
376 381 97
376 384 21
376 442 63
376 445 75
376 467 14
376 477 83
377 391 2
377 403 85
377 449 68
378 398 10
379 380 2
379 396 67
379 442 30
380 394 58
380 468 30
380 474 76
381 398 73
381 427 55
381 459 92
381 472 62
382 400 63
382 422 31
382 461 77
382 487 65
383 440 42
383 483 99
384 435 22
384 468 95
385 405 18
385 437 99
385 447 96
386 499 86
387 463 28
387 488 8
388 440 99
388 449 37
388 457 84
388 492 32
389 410 14
389 414 3
389 459 22
389 467 59
389 484 21
389 485 35
389 488 32
390 402 10
390 403 3
390 414 20
390 439 63
390 464 88
390 486 59
391 443 68
391 453 26
391 475 72
391 482 66
391 490 49
392 441 65
392 465 9
393 399 36
393 416 61
393 418 56
393 456 89
393 481 14
394 402 23
394 445 41
394 452 20
395 425 77
395 447 9
395 455 92
395 464 12
396 426 5
396 456 82
396 474 17
397 407 95
397 461 96
398 399 95
398 419 12
398 477 52
398 490 20
399 454 24
399 460 5
399 474 33
399 482 21
399 493 32
399 495 82
400 405 90
400 466 89
401 421 83
401 443 50
401 455 91
401 461 86
401 498 94
402 431 23
402 460 61
402 464 70
403 414 56
403 481 14
403 492 48
404 405 26
404 483 12
404 499 69
405 435 14
405 447 52
405 481 80
405 485 13
406 411 73
406 412 60
406 476 60
406 479 76
407 434 97
407 490 11
408 411 51
408 427 50
408 428 28
408 460 82
409 428 56
409 465 98
409 472 37
410 415 21
410 440 40
411 419 88
411 423 2
411 466 56
412 430 70
412 471 54
413 414 74
413 450 82
413 454 21
413 464 92
413 468 7
413 477 47
413 499 29
414 485 48
416 420 47
416 425 60
416 434 73
416 449 21
416 458 86
416 466 64
416 475 63
416 492 16
417 449 3
417 467 52
418 428 52
418 445 43
418 463 63
418 470 1
418 490 60
419 471 48
419 488 40
419 494 20
420 444 30
420 475 20
421 465 39
421 467 92
422 499 66
423 431 96
423 446 79
423 450 66
425 472 18
425 475 21
425 489 37
426 431 95
426 493 31
427 480 56
428 462 39
428 467 69
428 469 35
429 454 27
430 456 73
430 479 83
430 495 67
431 432 63
431 456 74
431 458 18
431 489 75
433 434 55
433 450 51
433 469 34
434 437 18
434 454 59
434 489 82
435 449 69
436 475 66
436 476 30
437 442 56
437 486 18
438 468 56
438 472 64
438 479 25
438 488 2
439 464 76
439 486 53
439 487 72
440 451 60
440 466 28
441 486 27
442 461 12
442 476 62
443 451 40
443 469 88
444 465 56
445 499 46
448 482 85
449 470 3
449 497 44
453 468 21
453 497 34
454 471 85
454 481 80
454 494 37
455 472 13
456 468 72
457 466 92
459 461 6
459 477 84
460 476 26
460 496 58
461 470 32
462 494 47
462 496 55
463 469 1
464 469 100
464 487 36
465 499 86
466 475 51
469 471 29
470 492 86
471 497 91
472 482 85
476 477 82
476 487 8
477 482 85
477 488 66
478 498 62
478 499 17
481 483 58
482 491 76
483 495 83
484 497 92
492 496 99
